# Created by Octave 4.2.2, Thu Feb 28 19:41:01 2019 CET <marcin@marcin-XPS>
# name: data
# type: matrix
# rows: 5
# columns: 2
 1 2
 2 3
 3 4
 5 6
 7 8


